panel tri 100 0 46.7024886807929 200 30 18.0136003041693 200 30 18.0136003041693
panel tri 100 0 46.7024886807929 200 30 18.0136003041693 200 20 28.7139303460597
panel tri 100 0 46.7024886807929 200 30 18.0136003041693 200 20 28.7139303460597
panel tri 200 30 18.0136003041693 200 30 18.0136003041693 200 20 28.7139303460597
panel tri 200 20 28.7139303460597 200 20 28.7139303460597 200 20 28.7139303460597
panel tri 200 20 28.7139303460597 200 20 28.7139303460597 200 20 28.7139303460597
panel tri 200 20 28.7139303460597 200 20 28.7139303460597 200 20 28.7139303460597
panel tri 200 20 28.7139303460597 200 20 28.7139303460597 200 20 28.7139303460597
panel tri 200 20 28.7139303460597 200 20 28.7139303460597 200 20 28.7139303460597
panel tri 200 20 28.7139303460597 200 20 28.7139303460597 0 30 40
panel tri 200 20 28.7139303460597 200 20 28.7139303460597 0 30 40
panel tri 200 20 28.7139303460597 200 20 28.7139303460597 0 30 40
panel tri 0 30 40 0 30 40 0 30 40
panel tri 0 30 40 0 30 40 0 30 40
panel tri 0 30 40 0 30 40 0 30 40
panel tri 0 30 40 0 30 40 0 30 40
panel tri 0 30 40 0 30 40 0 30 40
panel tri 0 30 40 0 30 40 0 30 40
panel tri 0 30 40 0 30 40 0 30 40
panel tri 0 30 40 0 30 40 0 30 40
panel tri 100 40 24.1064814724089 100 0 46.7024886807929 200 30 18.0136003041693
panel tri 100 40 24.1064814724089 100 0 46.7024886807929 200 30 18.0136003041693
panel tri 100 40 24.1064814724089 200 30 18.0136003041693 200 30 18.0136003041693
panel tri 100 0 46.7024886807929 200 30 18.0136003041693 200 30 18.0136003041693
panel tri 100 20 42.203346419207 200 10 33.5334131265871 100 10 45.619321005245
panel tri 100 20 42.203346419207 200 10 33.5334131265871 100 30 35.7927709039073
panel tri 100 20 42.203346419207 100 10 45.619321005245 100 30 35.7927709039073
panel tri 200 10 33.5334131265871 100 10 45.619321005245 100 30 35.7927709039073
panel tri 100 10 45.619321005245 100 10 45.619321005245 100 20 42.203346419207
panel tri 100 10 45.619321005245 100 10 45.619321005245 100 0 46.7024886807929
panel tri 100 10 45.619321005245 100 20 42.203346419207 100 0 46.7024886807929
panel tri 100 10 45.619321005245 100 20 42.203346419207 100 0 46.7024886807929
panel tri 100 40 24.1064814724089 0 10 48.9897948556636 0 40 30
panel tri 100 40 24.1064814724089 0 10 48.9897948556636 100 10 45.619321005245
panel tri 100 40 24.1064814724089 0 40 30 100 10 45.619321005245
panel tri 0 10 48.9897948556636 0 40 30 100 10 45.619321005245
panel tri 100 30 35.7927709039073 100 10 45.619321005245 100 10 45.619321005245
panel tri 100 30 35.7927709039073 100 10 45.619321005245 200 0 34.9927106111883
panel tri 100 30 35.7927709039073 100 10 45.619321005245 200 0 34.9927106111883
panel tri 100 10 45.619321005245 100 10 45.619321005245 200 0 34.9927106111883
panel tri 0 50 0 100 40 24.1064814724089 100 0 46.7024886807929
panel tri 0 50 0 100 40 24.1064814724089 100 20 42.203346419207
panel tri 0 50 0 100 0 46.7024886807929 100 20 42.203346419207
panel tri 100 40 24.1064814724089 100 0 46.7024886807929 100 20 42.203346419207
panel tri 200 30 18.0136003041693 200 10 33.5334131265871 200 30 18.0136003041693
panel tri 200 30 18.0136003041693 200 10 33.5334131265871 200 10 33.5334131265871
panel tri 200 30 18.0136003041693 200 30 18.0136003041693 200 10 33.5334131265871
panel tri 200 10 33.5334131265871 200 30 18.0136003041693 200 10 33.5334131265871
panel tri 100 0 46.7024886807929 100 40 24.1064814724089 0 50 0
panel tri 100 0 46.7024886807929 100 40 24.1064814724089 100 20 42.203346419207
panel tri 100 0 46.7024886807929 0 50 0 100 20 42.203346419207
panel tri 100 40 24.1064814724089 0 50 0 100 20 42.203346419207
panel tri 100 0 46.7024886807929 100 40 24.1064814724089 100 20 42.203346419207
panel tri 100 0 46.7024886807929 100 40 24.1064814724089 0 40 30
panel tri 100 0 46.7024886807929 100 20 42.203346419207 0 40 30
panel tri 100 40 24.1064814724089 100 20 42.203346419207 0 40 30
panel tri 0 10 48.9897948556636 0 10 48.9897948556636 0 0 50
panel tri 0 10 48.9897948556636 0 10 48.9897948556636 0 50 0
panel tri 0 10 48.9897948556636 0 0 50 0 50 0
panel tri 0 10 48.9897948556636 0 0 50 0 50 0
panel tri 100 0 46.7024886807929 200 0 34.9927106111883 100 40 24.1064814724089
panel tri 100 0 46.7024886807929 200 0 34.9927106111883 100 0 46.7024886807929
panel tri 100 0 46.7024886807929 100 40 24.1064814724089 100 0 46.7024886807929
panel tri 200 0 34.9927106111883 100 40 24.1064814724089 100 0 46.7024886807929
panel tri 100 20 42.203346419207 100 40 24.1064814724089 200 0 34.9927106111883
panel tri 100 20 42.203346419207 100 40 24.1064814724089 100 0 46.7024886807929
panel tri 100 20 42.203346419207 200 0 34.9927106111883 100 0 46.7024886807929
panel tri 100 40 24.1064814724089 200 0 34.9927106111883 100 0 46.7024886807929
panel tri 100 0 46.7024886807929 0 0 50 0 20 45.8257569495584
panel tri 100 0 46.7024886807929 0 0 50 0 50 0
panel tri 100 0 46.7024886807929 0 20 45.8257569495584 0 50 0
panel tri 0 0 50 0 20 45.8257569495584 0 50 0
panel tri 0 50 0 100 0 46.7024886807929 100 40 24.1064814724089
panel tri 0 50 0 100 0 46.7024886807929 100 40 24.1064814724089
panel tri 0 50 0 100 40 24.1064814724089 100 40 24.1064814724089
panel tri 100 0 46.7024886807929 100 40 24.1064814724089 100 40 24.1064814724089
panel tri 100 0 46.7024886807929 200 30 18.0136003041693 200 30 18.0136003041693
panel tri 100 0 46.7024886807929 200 30 18.0136003041693 200 30 18.0136003041693
panel tri 100 0 46.7024886807929 200 30 18.0136003041693 200 30 18.0136003041693
panel tri 200 30 18.0136003041693 200 30 18.0136003041693 200 30 18.0136003041693
