type nucleus xcoord intensity stddev
1 0 1.0000 105.3658 67.4624
1 1 3.0000 152.1352 40.8850
1 2 5.0000 164.6184 36.7250
1 3 7.0000 169.4729 26.3353
1 4 9.0000 163.4886 23.8842
1 5 11.0000 156.7298 23.8573
1 6 13.0000 146.1956 23.4070
1 7 15.0000 135.8082 22.6916
1 8 17.0000 126.8470 22.2107
1 9 19.0000 117.0100 21.1064
1 10 21.0000 108.1780 21.0772
1 11 23.0000 99.5775 19.0432
1 12 25.0000 93.3073 18.5951
1 13 27.0000 85.9313 16.5934
1 14 29.0000 79.2150 15.7423
1 15 31.0000 73.0950 13.6089
1 16 33.0000 68.2490 13.3401
1 17 35.0000 63.4017 13.0136
1 18 37.0000 58.2418 12.0978
1 19 39.0000 53.4083 10.9095
1 20 41.0000 49.6798 10.5079
1 21 43.0000 46.2279 9.7694
1 22 45.0000 42.6810 9.1147
1 23 47.0000 39.6567 8.5806
1 24 49.0000 36.9453 8.3959
1 25 51.0000 34.5585 7.6002
1 26 53.0000 32.0826 7.3824
1 27 55.0000 30.1835 7.3776
1 28 57.0000 28.3586 7.2180
1 29 59.0000 26.7556 7.1389
1 30 61.0000 25.2709 6.8561
1 31 63.0000 23.8582 6.5339
1 32 65.0000 22.6774 6.3758
1 33 67.0000 21.5021 6.1501
1 34 69.0000 20.1707 5.7550
1 35 71.0000 19.1933 5.5799
1 36 73.0000 18.2171 5.4774
1 37 75.0000 17.2301 5.0916
1 38 77.0000 16.3697 5.1020
1 39 79.0000 15.5826 4.8533
1 40 81.0000 14.8039 4.6225
1 41 83.0000 14.0860 4.5328
1 42 85.0000 13.4475 4.2808
1 43 87.0000 13.1025 4.2100
1 44 89.0000 12.8698 4.1716
1 45 91.0000 12.6815 4.0616
1 46 93.0000 12.1696 3.8882
1 47 95.0000 10.8084 3.6190
1 48 97.0000 8.6665 3.4095
1 49 99.0000 7.0742 2.5012
