type nucleus xcoord intensity stddev
1 0 1.0000 0.0000 8.1615
1 1 3.0000 0.0000 8.5037
1 2 5.0000 1.1333 7.8473
1 3 7.0000 1.7805 7.3434
1 4 9.0000 0.8193 7.3914
1 5 11.0000 0.0000 8.0546
1 6 13.0000 0.0000 9.0544
1 7 15.0000 0.0000 10.2382
1 8 17.0000 0.0000 11.3124
1 9 19.0000 0.0000 12.7339
1 10 21.0000 0.0000 13.2995
1 11 23.0000 0.0000 13.8668
1 12 25.0000 1.1705 13.6785
1 13 27.0000 3.9754 14.1500
1 14 29.0000 7.2638 13.8256
1 15 31.0000 11.6444 16.7891
1 16 33.0000 16.1715 16.5746
1 17 35.0000 22.8481 19.8078
1 18 37.0000 26.1545 21.4981
1 19 39.0000 31.9900 23.9861
1 20 41.0000 39.5928 26.6625
1 21 43.0000 46.0481 29.3179
1 22 45.0000 52.3988 34.4239
1 23 47.0000 57.4033 35.1090
1 24 49.0000 65.2577 38.5414
1 25 51.0000 71.8403 40.7082
1 26 53.0000 77.1887 43.1028
1 27 55.0000 81.0418 45.4930
1 28 57.0000 86.0097 46.5331
1 29 59.0000 88.9772 46.1062
1 30 61.0000 92.8312 48.4352
1 31 63.0000 93.9785 48.0953
1 32 65.0000 94.4816 49.4566
1 33 67.0000 97.7809 51.0597
1 34 69.0000 94.9778 48.2216
1 35 71.0000 96.0514 46.6414
1 36 73.0000 94.9563 46.6451
1 37 75.0000 92.0694 46.0006
1 38 77.0000 92.3284 45.4444
1 39 79.0000 93.6500 44.1556
1 40 81.0000 91.5971 43.5687
1 41 83.0000 93.8275 44.9856
1 42 85.0000 91.3159 45.5700
1 43 87.0000 91.7064 44.7188
1 44 89.0000 91.6248 45.4630
1 45 91.0000 90.6608 46.6885
1 46 93.0000 84.9218 43.7032
1 47 95.0000 71.2478 41.1264
1 48 97.0000 50.7059 40.0183
1 49 99.0000 21.6772 25.7951
