type	nucleus	xcoord	intensity	stddev
bcd-bg	0	1	98.5638	69.0734
bcd-bg	1	3	147.0789	41.9278
bcd-bg	2	5	158.1825	38.7249
bcd-bg	3	7	162.6291	29.0701
bcd-bg	4	9	156.6601	26.4895
bcd-bg	5	11	149.0763	26.5964
bcd-bg	6	13	138.5294	25.9571
bcd-bg	7	15	127.602	25.232
bcd-bg	8	17	118.1866	25.3341
bcd-bg	9	19	107.7567	23.861
bcd-bg	10	21	98.4164	23.6187
bcd-bg	11	23	88.8467	21.3429
bcd-bg	12	25	81.884	20.7456
bcd-bg	13	27	73.7661	18.1501
bcd-bg	14	29	66.24	16.732
bcd-bg	15	31	59.6752	14.4714
bcd-bg	16	33	54.0738	13.4628
bcd-bg	17	35	48.6358	12.7509
bcd-bg	18	37	42.9921	11.7543
bcd-bg	19	39	37.7887	10.3424
bcd-bg	20	41	33.7036	9.2502
bcd-bg	21	43	30.0328	8.9078
bcd-bg	22	45	26.3906	8.1049
bcd-bg	23	47	23.1281	7.3559
bcd-bg	24	49	20.0768	6.5568
bcd-bg	25	51	17.5529	6.186
bcd-bg	26	53	15.0432	5.3548
bcd-bg	27	55	13.0399	5.2327
bcd-bg	28	57	11.3939	5.0857
bcd-bg	29	59	9.7932	4.5096
bcd-bg	30	61	8.4666	4.372
bcd-bg	31	63	7.1976	4.0281
bcd-bg	32	65	6.224	3.7062
bcd-bg	33	67	5.0961	3.0871
bcd-bg	34	69	3.9967	2.9081
bcd-bg	35	71	3.2271	2.5422
bcd-bg	36	73	2.4972	2.2525
bcd-bg	37	75	1.8069	2.0767
bcd-bg	38	77	1.3297	2.1701
bcd-bg	39	79	0.9405	2.2803
bcd-bg	40	81	0.3705	1.7224
bcd-bg	41	83	0.0797	1.7576
bcd-bg	42	85	0	1.6149
bcd-bg	43	87	0	1.4588
bcd-bg	44	89	0.2674	1.8368
bcd-bg	45	91	0.5212	1.6962
bcd-bg	46	93	0.3813	1.5936
bcd-bg	47	95	0	2.1064
bcd-bg	48	97	0	2.3123
bcd-bg	49	99	0	3.0555
bcd-nbg	0	1	105.3658	67.4624
bcd-nbg	1	3	152.1352	40.885
bcd-nbg	2	5	164.6184	36.725
bcd-nbg	3	7	169.4729	26.3353
bcd-nbg	4	9	163.4886	23.8842
bcd-nbg	5	11	156.7298	23.8573
bcd-nbg	6	13	146.1956	23.407
bcd-nbg	7	15	135.8082	22.6916
bcd-nbg	8	17	126.847	22.2107
bcd-nbg	9	19	117.01	21.1064
bcd-nbg	10	21	108.178	21.0772
bcd-nbg	11	23	99.5775	19.0432
bcd-nbg	12	25	93.3073	18.5951
bcd-nbg	13	27	85.9313	16.5934
bcd-nbg	14	29	79.215	15.7423
bcd-nbg	15	31	73.095	13.6089
bcd-nbg	16	33	68.249	13.3401
bcd-nbg	17	35	63.4017	13.0136
bcd-nbg	18	37	58.2418	12.0978
bcd-nbg	19	39	53.4083	10.9095
bcd-nbg	20	41	49.6798	10.5079
bcd-nbg	21	43	46.2279	9.7694
bcd-nbg	22	45	42.681	9.1147
bcd-nbg	23	47	39.6567	8.5806
bcd-nbg	24	49	36.9453	8.3959
bcd-nbg	25	51	34.5585	7.6002
bcd-nbg	26	53	32.0826	7.3824
bcd-nbg	27	55	30.1835	7.3776
bcd-nbg	28	57	28.3586	7.218
bcd-nbg	29	59	26.7556	7.1389
bcd-nbg	30	61	25.2709	6.8561
bcd-nbg	31	63	23.8582	6.5339
bcd-nbg	32	65	22.6774	6.3758
bcd-nbg	33	67	21.5021	6.1501
bcd-nbg	34	69	20.1707	5.755
bcd-nbg	35	71	19.1933	5.5799
bcd-nbg	36	73	18.2171	5.4774
bcd-nbg	37	75	17.2301	5.0916
bcd-nbg	38	77	16.3697	5.102
bcd-nbg	39	79	15.5826	4.8533
bcd-nbg	40	81	14.8039	4.6225
bcd-nbg	41	83	14.086	4.5328
bcd-nbg	42	85	13.4475	4.2808
bcd-nbg	43	87	13.1025	4.21
bcd-nbg	44	89	12.8698	4.1716
bcd-nbg	45	91	12.6815	4.0616
bcd-nbg	46	93	12.1696	3.8882
bcd-nbg	47	95	10.8084	3.619
bcd-nbg	48	97	8.6665	3.4095
bcd-nbg	49	99	7.0742	2.5012
cad-bg	0	1	0	8.1615
cad-bg	1	3	0	8.5037
cad-bg	2	5	1.1333	7.8473
cad-bg	3	7	1.7805	7.3434
cad-bg	4	9	0.8193	7.3914
cad-bg	5	11	0	8.0546
cad-bg	6	13	0	9.0544
cad-bg	7	15	0	10.2382
cad-bg	8	17	0	11.3124
cad-bg	9	19	0	12.7339
cad-bg	10	21	0	13.2995
cad-bg	11	23	0	13.8668
cad-bg	12	25	1.1705	13.6785
cad-bg	13	27	3.9754	14.15
cad-bg	14	29	7.2638	13.8256
cad-bg	15	31	11.6444	16.7891
cad-bg	16	33	16.1715	16.5746
cad-bg	17	35	22.8481	19.8078
cad-bg	18	37	26.1545	21.4981
cad-bg	19	39	31.99	23.9861
cad-bg	20	41	39.5928	26.6625
cad-bg	21	43	46.0481	29.3179
cad-bg	22	45	52.3988	34.4239
cad-bg	23	47	57.4033	35.109
cad-bg	24	49	65.2577	38.5414
cad-bg	25	51	71.8403	40.7082
cad-bg	26	53	77.1887	43.1028
cad-bg	27	55	81.0418	45.493
cad-bg	28	57	86.0097	46.5331
cad-bg	29	59	88.9772	46.1062
cad-bg	30	61	92.8312	48.4352
cad-bg	31	63	93.9785	48.0953
cad-bg	32	65	94.4816	49.4566
cad-bg	33	67	97.7809	51.0597
cad-bg	34	69	94.9778	48.2216
cad-bg	35	71	96.0514	46.6414
cad-bg	36	73	94.9563	46.6451
cad-bg	37	75	92.0694	46.0006
cad-bg	38	77	92.3284	45.4444
cad-bg	39	79	93.65	44.1556
cad-bg	40	81	91.5971	43.5687
cad-bg	41	83	93.8275	44.9856
cad-bg	42	85	91.3159	45.57
cad-bg	43	87	91.7064	44.7188
cad-bg	44	89	91.6248	45.463
cad-bg	45	91	90.6608	46.6885
cad-bg	46	93	84.9218	43.7032
cad-bg	47	95	71.2478	41.1264
cad-bg	48	97	50.7059	40.0183
cad-bg	49	99	21.6772	25.7951
cad-nbg	0	1	10.0647	6.4496
cad-nbg	1	3	18.4631	7.4984
cad-nbg	2	5	23.4111	9.0285
cad-nbg	3	7	28.0448	10.0137
cad-nbg	4	9	31.3854	10.5082
cad-nbg	5	11	33.8816	11.1049
cad-nbg	6	13	36.6453	12.0597
cad-nbg	7	15	39.0335	12.8775
cad-nbg	8	17	41.9873	13.3122
cad-nbg	9	19	45.1125	14.1199
cad-nbg	10	21	48.7292	14.8835
cad-nbg	11	23	52.0812	15.4236
cad-nbg	12	25	57.4455	16.0648
cad-nbg	13	27	61.9316	16.5835
cad-nbg	14	29	67.6086	16.5098
cad-nbg	15	31	72.8817	18.1174
cad-nbg	16	33	78.7708	18.8121
cad-nbg	17	35	85.8322	20.2765
cad-nbg	18	37	89.9262	20.894
cad-nbg	19	39	95.4848	22.0627
cad-nbg	20	41	102.1146	23.6294
cad-nbg	21	43	107.8419	24.4996
cad-nbg	22	45	112.8072	26.9045
cad-nbg	23	47	117.2561	26.7664
cad-nbg	24	49	122.6656	28.787
cad-nbg	25	51	128.0574	30.0483
cad-nbg	26	53	131.8015	31.3455
cad-nbg	27	55	134.9653	32.9757
cad-nbg	28	57	138.0295	35.2338
cad-nbg	29	59	140.2779	34.9712
cad-nbg	30	61	142.524	36.9571
cad-nbg	31	63	142.925	37.0582
cad-nbg	32	65	142.3646	38.2772
cad-nbg	33	67	143.8262	39.4608
cad-nbg	34	69	140.5169	37.5223
cad-nbg	35	71	140.9627	36.0377
cad-nbg	36	73	139.4244	35.822
cad-nbg	37	75	136.09	35.0665
cad-nbg	38	77	134.7788	35.3456
cad-nbg	39	79	135.158	34.2616
cad-nbg	40	81	130.6785	34.1613
cad-nbg	41	83	131.4898	34.6222
cad-nbg	42	85	128.5826	35.2593
cad-nbg	43	87	127.6008	34.9616
cad-nbg	44	89	127.1242	35.3507
cad-nbg	45	91	125.083	36.5572
cad-nbg	46	93	118.1178	35.6291
cad-nbg	47	95	104.2569	33.42
cad-nbg	48	97	83.2147	31.19
cad-nbg	49	99	63.4825	20.715
hb-bg	0	1	39.2541	32.8849
hb-bg	1	3	49.9784	27.813
hb-bg	2	5	60.1282	28.9407
hb-bg	3	7	64.7742	27.8114
hb-bg	4	9	67.1903	27.584
hb-bg	5	11	71.0602	28.5718
hb-bg	6	13	73.9874	27.7624
hb-bg	7	15	76.548	29.1469
hb-bg	8	17	80.4061	30.4793
hb-bg	9	19	83.7095	30.9962
hb-bg	10	21	84.3273	32.0659
hb-bg	11	23	86.108	31.4153
hb-bg	12	25	85.8422	32.0041
hb-bg	13	27	87.2955	33.1493
hb-bg	14	29	87.3805	33.839
hb-bg	15	31	84.9766	33.8426
hb-bg	16	33	84.1231	33.2316
hb-bg	17	35	80.1298	31.5615
hb-bg	18	37	76.0065	32.0159
hb-bg	19	39	70.5631	30.7733
hb-bg	20	41	63.6814	29.7127
hb-bg	21	43	57.1634	27.9974
hb-bg	22	45	48.19	25.2352
hb-bg	23	47	39.7776	22.397
hb-bg	24	49	30.6372	18.984
hb-bg	25	51	23.2174	15.1092
hb-bg	26	53	17.1105	12.2103
hb-bg	27	55	13.3608	9.5295
hb-bg	28	57	9.9943	7.8147
hb-bg	29	59	7.2402	5.8093
hb-bg	30	61	5.309	4.4635
hb-bg	31	63	3.8269	3.541
hb-bg	32	65	2.7494	2.4802
hb-bg	33	67	1.9302	1.8248
hb-bg	34	69	1.2324	1.2167
hb-bg	35	71	0.8025	1.0057
hb-bg	36	73	0.3608	0.968
hb-bg	37	75	0	0.8044
hb-bg	38	77	0	0.8596
hb-bg	39	79	0	0.7731
hb-bg	40	81	0	0.9921
hb-bg	41	83	0	1.0294
hb-bg	42	85	0	1.0793
hb-bg	43	87	0	1.1137
hb-bg	44	89	0	1.1602
hb-bg	45	91	0	1.1266
hb-bg	46	93	0	0.919
hb-bg	47	95	0	1.0582
hb-bg	48	97	0	1.4093
hb-bg	49	99	0	2.0589
hb-nbg	0	1	33.6314	23.5274
hb-nbg	1	3	44.2377	18.377
hb-nbg	2	5	57.1046	20.2281
hb-nbg	3	7	65.6676	21.3193
hb-nbg	4	9	69.4792	22.7964
hb-nbg	5	11	73.8129	24.4315
hb-nbg	6	13	78.6366	24.5551
hb-nbg	7	15	83.0817	26.5528
hb-nbg	8	17	88.6703	27.2155
hb-nbg	9	19	92.3047	29.7544
hb-nbg	10	21	95.5261	30.1613
hb-nbg	11	23	98.2409	29.0897
hb-nbg	12	25	99.5361	29.7278
hb-nbg	13	27	102.9026	31.5097
hb-nbg	14	29	103.4514	33.4864
hb-nbg	15	31	104.5603	32.6694
hb-nbg	16	33	104.2685	31.9059
hb-nbg	17	35	101.9263	30.0859
hb-nbg	18	37	100.0734	29.2932
hb-nbg	19	39	95.7535	27.9884
hb-nbg	20	41	91.3866	26.6259
hb-nbg	21	43	85.7035	24.0377
hb-nbg	22	45	77.3579	20.3754
hb-nbg	23	47	68.9456	17.9867
hb-nbg	24	49	58.9659	16.0107
hb-nbg	25	51	49.8221	12.6167
hb-nbg	26	53	42.1703	11.2659
hb-nbg	27	55	36.5489	9.6021
hb-nbg	28	57	31.9889	8.834
hb-nbg	29	59	27.8235	7.7563
hb-nbg	30	61	24.7506	6.9201
hb-nbg	31	63	22.5745	6.2616
hb-nbg	32	65	20.5676	5.539
hb-nbg	33	67	18.9885	5.1464
hb-nbg	34	69	17.5449	4.6249
hb-nbg	35	71	16.5608	4.2703
hb-nbg	36	73	15.5685	4.1498
hb-nbg	37	75	14.4975	3.7862
hb-nbg	38	77	13.6023	3.577
hb-nbg	39	79	12.8326	3.3617
hb-nbg	40	81	11.9348	3.2551
hb-nbg	41	83	11.1398	3.1365
hb-nbg	42	85	10.407	3.1096
hb-nbg	43	87	9.9454	3.065
hb-nbg	44	89	9.5061	3.0655
hb-nbg	45	91	9.2575	3.247
hb-nbg	46	93	8.8949	3.0345
hb-nbg	47	95	7.5642	2.38
hb-nbg	48	97	6.1073	2.1368
hb-nbg	49	99	4.9637	1.4445
